000,000,000,000,000,000,000,000,000,000,000,000,000,000,000,000,000,000,000,000
000,006,007,000,000,000,000,000,000,000,000,000,000,000,000,000,000,000,000,000
000,005,004,000,000,000,000,000,000,000,000,000,000,000,000,000,000,000,000,000
000,000,003,001,002,000,000,000,000,000,000,000,000,000,000,000,000,000,000,000
000,000,000,000,000,000,000,000,000,000,000,000,000,000,000,000,000,000,000,000
000,000,000,000,000,000,000,000,000,000,000,000,000,000,000,000,000,000,000,000
000,000,000,000,000,000,000,000,000,000,000,000,000,000,000,000,000,000,000,000
000,000,000,000,000,000,000,000,000,000,000,000,000,000,000,000,000,000,000,000
000,000,000,000,000,000,000,000,000,000,000,000,000,000,000,000,000,000,000,000
000,000,000,000,000,000,000,000,000,000,000,000,000,000,000,000,000,000,000,000
000,000,000,000,000,000,000,000,000,000,000,000,000,000,000,000,000,000,000,000
000,000,000,000,000,000,000,000,000,000,000,000,000,000,000,000,000,000,000,000
000,000,000,000,000,000,000,000,000,000,000,000,000,000,000,000,000,000,000,000
000,000,000,000,000,000,000,000,000,000,000,000,000,000,000,000,000,000,000,000
000,000,000,000,000,000,000,000,000,000,000,000,000,000,000,000,000,000,000,000
000,000,000,000,000,000,000,000,000,000,000,000,000,000,000,000,000,000,000,000
000,000,000,000,000,000,000,000,000,000,000,000,000,000,000,000,000,000,000,000
000,000,000,000,000,000,000,000,000,000,000,000,000,000,000,000,000,000,000,000
000,000,000,000,000,000,000,000,000,000,000,000,000,000,000,000,000,000,000,000
000,000,000,000,000,000,000,000,000,000,000,000,000,000,000,000,000,000,000,000